./data/train_data/quick_train_data/images/000000183519.jpg 6 1.08 0.54 640.0 475.14000000000004 0 252.1 139.56 307.08 421.55 0 221.94 171.05 267.78 387.89 0 368.9 209.26 423.90999999999997 295.55 0 404.9 223.13 493.95 300.4 0 367.25 88.16 415.57 211.64999999999998 0 92.81 184.12 128.35 244.7 0 436.96 128.85 472.79999999999995 183.18 0 465.66 142.66 492.09000000000003 202.06 0 472.7 210.99 494.99 298.96000000000004 26 265.12 215.87 291.46 297.45 26 235.51 273.13 265.56 314.95 0 411.03 191.65 463.96 271.78 0 67.56 217.65 128.29 267.77 0 153.42 150.39 193.2 196.25 0 140.65 162.43 171.91 271.0 0 47 102 495 268
./data/train_data/quick_train_data/images/000000189737.jpg 16 53.85 91.84 375.71000000000004 457.5 60 4.51 337.43 426.67 630.38 55 164.02 398.87 281.84000000000003 500.06 57 0.0 89.14 427.0 462.28999999999996
./data/train_data/quick_train_data/images/000000371648.jpg 56 166.19 122.35 191.51 152.62 0 55.06 58.2 200.56 345.28 0 51.18 92.32 74.45 151.28 38 84.4 223.67 232.14000000000001 257.5 32 256.41 196.45 263.0 215.23999999999998 56 150.83 121.45 173.78 154.73000000000002 56 24.07 29.86 43.3 52.3 56 89.1 33.21 105.41999999999999 53.09 0 62.05 25.41 80.00999999999999 51.739999999999995 13 118.87 37.56 187.17000000000002 55.24 56 48.09 133.33 70.66 157.10000000000002 56 106.47 32.89 125.37 53.400000000000006 0 85.01 83.24 109.30000000000001 116.31 56 0.0 31.79 8.91 49.86
./data/train_data/quick_train_data/images/000000295032.jpg 0 128.07 287.28 223.89999999999998 502.66999999999996 30 97.05 462.41 249.79000000000002 528.77
./data/train_data/quick_train_data/images/000000454907.jpg 72 281.19 199.04 357.18 504.0 73 84.05 322.37 164.32 372.03 69 229.51 211.08 302.99 473.68000000000006 69 1.66 346.93 199.48 531.45
./data/train_data/quick_train_data/images/000000385417.jpg 56 234.44 293.18 390.66999999999996 426.0 63 91.77 225.63 184.55 301.59 64 319.61 238.26 332.40000000000003 251.17999999999998 66 123.67 266.52 172.07 294.72999999999996 66 226.63 232.73 306.15 257.55 66 347.47 239.46 416.65000000000003 277.38 62 211.25 153.33 298.64 214.92000000000002 62 146.64 167.2 218.07 236.35999999999999 63 347.23 198.55 433.66 278.31 64 201.02 246.52 217.71 262.86 2 332.95 82.95 399.99 119.17
./data/train_data/quick_train_data/images/000000462023.jpg 13 1.44 34.52 444.4 611.24 30 210.17 39.25 298.40999999999997 314.36 30 128.54 39.47 187.53 276.83000000000004 56 68.68 79.34 104.77000000000001 129.78 60 39.47 75.59 102.47 81.45 30 19.56 236.98 389.29 413.1 30 0.0 243.32 368.18 428.64 30 37.11 225.29 430.18 399.57 30 312.52 51.53 410.59999999999997 360.73 30 0.1 267.62 342.17 446.4 30 261.59 48.99 323.15 324.51 30 1.02 290.27 302.78 544.5899999999999 30 359.7 53.43 411.73 253.93 30 178.56 39.75 254.61 298.55 30 286.84 50.85 351.5 336.03000000000003 30 159.11 40.88 205.35000000000002 282.76
./data/train_data/quick_train_data/images/000000518627.jpg 2 93.54 308.59 166.69 348.67999999999995 0 151.7 307.48 165.67999999999998 329.3
./data/train_data/quick_train_data/images/000000196853.jpg 27 426.07 153.44 461.65999999999997 448.99 27 177.17 173.39 251.6 426.29999999999995 0 65.8 46.38 285.84 471.37 0 483.22 131.11 637.85 474.73 27 355.3 153.5 369.67 378.78999999999996 0 266.01 39.72 576.95 472.42999999999995
./data/train_data/quick_train_data/images/000000471095.jpg 16 156.41 229.31 509.80999999999995 437.13 0 0.0 0.0 446.56 469.21
./data/train_data/quick_train_data/images/000000524144.jpg 74 268.06 301.17 314.64 349.65000000000003 74 382.06 312.44 394.15 362.13
./data/train_data/quick_train_data/images/000000573841.jpg 0 82.71 83.68 222.18 407.8 0 275.83 142.26 330.93 249.25 30 80.36 322.62 230.63 428.0 24 114.14 123.95 187.93 244.62 24 305.11 157.13 326.81 192.01999999999998 30 274.41 238.29 298.15000000000003 259.45 30 292.71 241.09 363.47999999999996 251.83
./data/train_data/quick_train_data/images/000000490221.jpg 5 183.69 218.36 299.12 329.58000000000004 0 162.89 287.89 168.05999999999997 299.12 0 277.77 241.54 284.06 247.01999999999998 0 261.83 237.99 276.38 248.38 0 214.64 240.3 221.22 248.36 0 152.04 289.37 156.41 299.54
./data/train_data/quick_train_data/images/000000103280.jpg 53 253.12 310.65 480.0 576.72 45 5.78 38.09 245.6 303.91999999999996 45 223.86 286.92 480.0 601.1800000000001 45 0.0 324.82 217.48 568.67 60 2.13 0.0 480.0 640.0
./data/train_data/quick_train_data/images/000000166853.jpg 16 350.22 41.26 479.21000000000004 91.1 41 281.36 286.56 389.96000000000004 438.09000000000003 44 0.41 281.41 60.809999999999995 358.23 49 174.54 382.04 231.54 435.42 63 398.93 76.23 640.0 480.0 73 228.64 141.65 344.61 257.26 73 0.0 118.65 214.65 220.04000000000002 45 76.41 182.91 306.73 323.89 57 2.16 0.0 557.66 157.15 15 348.6 39.05 479.76 91.50999999999999
./data/train_data/quick_train_data/images/000000372428.jpg 19 230.07 146.82 303.91999999999996 233.89 19 261.08 148.55 328.4 276.38 19 147.05 46.81 278.44 134.89 19 339.07 167.44 430.55 309.19 19 386.46 44.42 463.0 102.84 19 435.87 38.77 492.37 88.4 56 445.84 294.07 574.14 423.91999999999996 56 349.4 282.91 485.78 408.06000000000006 56 203.86 258.95 351.70000000000005 361.79999999999995 19 294.35 92.9 325.44 152.93 56 115.28 258.75 256.35 364.19 19 101.16 152.58 235.25 314.59000000000003
./data/train_data/quick_train_data/images/000000403078.jpg 0 135.58 98.03 342.97 640.0 0 1.44 201.35 86.28999999999999 637.12 37 0.0 274.08 173.63 509.41999999999996 37 21.15 215.3 119.88999999999999 640.0
./data/train_data/quick_train_data/images/000000511393.jpg 19 331.76 187.81 415.69 254.14 19 254.6 185.81 322.9 248.83 19 136.12 194.36 205.14 245.08 19 89.48 192.84 136.86 245.3 19 596.92 184.46 605.25 194.21 19 101.75 182.0 113.1 193.49
./data/train_data/quick_train_data/images/000000343606.jpg 14 0.0 79.0 330.24 278.98 14 299.35 180.9 605.94 384.26 14 231.04 290.14 525.74 480.0
./data/train_data/quick_train_data/images/000000304519.jpg 48 254.46 403.14 348.28 473.11 41 257.55 489.15 324.9 557.86 44 29.44 515.61 66.61 565.63 43 30.82 504.17 149.47 532.39 56 0.0 291.8 82.38 445.17 41 103.06 523.64 179.53 600.1 41 1.66 458.81 41.559999999999995 631.69 42 83.72 478.31 113.96 566.2 45 256.88 488.16 325.48 559.02 60 36.82 448.81 440.81 640.0 0 71.48 56.52 400.62 478.75
